 0  0  0  0  00  00  00  00  00  00  000  000  000  000  0000   
 0  0  0  1  00  00  01  00  01  01  000  001  001  001  0001   
 0  0  1  0  00  01  00  01  00  10  001  000  010  010  0010   
 0  0  1  1  00  01  01  01  01  11  001  001  011  011  0011   
 0  1  0  0  01  00  00  10  10  00  010  010  000  100  0100   
 0  1  0  1  01  00  01  10  11  01  010  011  001  101  0101   
 0  1  1  0  01  01  00  11  10  10  011  010  010  110  0110   
 0  1  1  1  01  01  01  11  11  11  011  011  011  111  0111   
 1  0  0  0  10  10  10  00  00  00  100  100  100  000  1000   
 1  0  0  1  10  10  11  00  01  01  100  101  101  001  1001   
 1  0  1  0  10  11  10  01  00  10  101  100  110  010  1010   
 1  0  1  1  10  11  11  01  01  11  101  101  111  011  1011   
 1  1  0  0  11  10  10  10  10  00  110  110  100  100  1100   
 1  1  0  1  11  10  11  10  11  01  110  111  101  101  1101   
 1  1  1  0  11  11  10  11  10  10  111  110  110  110  1110   
 1  1  1  1  11  11  11  11  11  11  111  111  111  111  1111   
